early_min=1
300.00
300.00
298.00
300.00
300.00
300.00
298.00
300.00
300.00
298.00
300.00
300.00
300.00
298.00
300.00
300.00
298.00
300.00
300.00
298.00
300.00
300.00
300.00
298.00
300.00
300.00
300.00
298.00
300.00
300.00
298.00
300.00
300.00
298.00
300.00
300.00
298.00
300.00
300.00
300.00
298.00
300.00
300.00
298.00
300.00
300.00
300.00
300.00
298.00
300.00
300.00
300.00
298.00
300.00
300.00
300.00
298.00
300.00
300.00
298.00
300.00
300.00
300.00
298.00
300.00
300.00
298.00
300.00
300.00
298.00
300.00
300.00
298.00
300.00
300.00
300.00
298.00
300.00
300.00
298.00
300.00
300.00
298.00
300.00
300.00
298.00
300.00
300.00
298.00
300.00
300.00
300.00
298.00
300.00
300.00
300.00
298.00
300.00
300.00
300.00
298.00
300.00
300.00
300.00
298.00
300.00
300.00
300.00
298.00
300.00
300.00
300.00
298.00
300.00
300.00
298.00
300.00
300.00
300.00
300.00
298.00
300.00
300.00
298.00
300.00
300.00
300.00
298.00
300.00
300.00
300.00
298.00
300.00
300.00
300.00
298.00
300.00
300.00
298.00
300.00
300.00
300.00
298.00
300.00
300.00
300.00
298.00
300.00
300.00
300.00
298.00
300.00
300.00
298.00
300.00
300.00
300.00
298.00
300.00
300.00
300.00
298.00
300.00
300.00
300.00
300.00
298.00
300.00
300.00
300.00
298.00
300.00
300.00
300.00
298.00
300.00
300.00
300.00
298.00
300.00
300.00
298.00
300.00
298.00
300.00
300.00
300.00
298.00
300.00
300.00
298.00
300.00
300.00
300.00
298.00
300.00
300.00
298.00
300.00
early_min=2
298.00
300.00
300.00
298.00
300.00
300.00
300.00
298.00
300.00
300.00
298.00
300.00
300.00
298.00
300.00
300.00
300.00
298.00
300.00
300.00
298.00
300.00
300.00
298.00
300.00
300.00
300.00
298.00
300.00
300.00
300.00
298.00
300.00
300.00
300.00
298.00
300.00
300.00
300.00
298.00
300.00
300.00
300.00
298.00
300.00
298.00
300.00
300.00
298.00
300.00
300.00
298.00
300.00
298.00
300.00
300.00
298.00
300.00
300.00
298.00
300.00
300.00
298.00
300.00
298.00
300.00
300.00
298.00
300.00
300.00
300.00
298.00
300.00
300.00
298.00
300.00
298.00
300.00
300.00
298.00
300.00
298.00
300.00
300.00
298.00
300.00
300.00
298.00
300.00
300.00
298.00
300.00
300.00
298.00
300.00
300.00
298.00
300.00
378.00
600.00
598.00
598.00
600.00
598.00
600.00
598.00
600.00
598.00
600.00
598.00
598.00
600.00
598.00
600.00
598.00
600.00
598.00
600.00
598.00
600.00
598.00
600.00
598.00
598.00
600.00
598.00
600.00
598.00
600.00
598.00
598.00
600.00
598.00
600.00
598.00
598.00
600.00
598.00
600.00
598.00
598.00
600.00
598.00
598.00
600.00
600.00
598.00
600.00
598.00
early_min=3
1198.00
1796.00
1806.00
early_min=4
672.00
674.00
672.00
672.00
672.00
672.00
672.00
672.00
674.00
672.00
672.00
672.00
674.00
672.00
672.00
674.00
672.00
672.00
674.00
672.00
672.00
672.00
674.00
672.00
672.00
672.00
674.00
672.00
672.00
674.00
672.00
672.00
674.00
672.00
674.00
672.00
672.00
672.00
672.00
674.00
672.00
672.00
672.00
672.00
672.00
674.00
672.00
672.00
672.00
674.00
672.00
672.00
672.00
674.00
672.00
672.00
674.00
672.00
672.00
674.00
672.00
672.00
672.00
674.00
672.00
672.00
674.00
672.00
672.00
674.00
672.00
672.00
674.00
672.00
672.00
674.00
672.00
674.00
672.00
698.00
early_min=5
1196.00
1200.00
1196.00
1198.00
1198.00
1198.00
1196.00
1198.00
1200.00
1198.00
1198.00
1198.00
1198.00
1198.00
1198.00
1198.00
1198.00
1198.00
1198.00
1198.00
1198.00
1196.00
1198.00
1198.00
1190.00
500.00
498.00
500.00
500.00
498.00
500.00
498.00
498.00
500.00
498.00
500.00
498.00
500.00
500.00
498.00
500.00
498.00
500.00
500.00
498.00
500.00
498.00
500.00
498.00
500.00
498.00
500.00
500.00
498.00
500.00
498.00
500.00
498.00
500.00
498.00
500.00
498.00
500.00
498.00
500.00
500.00
498.00
500.00
498.00
500.00
498.00
500.00
498.00
500.00
498.00
500.00
498.00
500.00
498.00
500.00
500.00
498.00
500.00
